,City,Cloudiness,Country,Date,Humidity,Lat,Lng,Max Temp,Wind Speed
0,Punta Arenas,0,CL,1554667950,88,-53.16,-70.91,48.2,16.11
1,Avera,1,US,1554668422,54,33.19,-82.53,82.4,8.05
2,Chapais,1,CA,1554663600,38,49.78,-74.86,24.8,12.75
3,Melita,0,CA,1554668599,47,49.27,-100.98,61.0,17.0
4,Bilibino,0,RU,1554668660,75,68.06,166.44,10.69,2.39
5,Cape Town,20,ZA,1554668453,93,-33.93,18.42,64.0,6.93
6,Rikitea,88,PF,1554668590,100,-23.12,-134.97,77.2,6.42
7,Linxia,8,CN,1554668890,87,35.6,103.21,32.11,2.84
8,Vestmanna,48,FO,1554666600,69,62.16,-7.17,39.2,13.87
9,Kapaa,40,US,1554668305,61,22.08,-159.32,80.6,6.93
10,Straumen,75,NO,1554668824,74,63.87,11.3,39.0,6.93
11,Yellowknife,90,CA,1554668563,79,62.45,-114.38,28.99,10.29
12,Bluff,0,AU,1554668591,85,-23.58,149.07,60.28,2.95
13,Camacha,20,PT,1554667200,67,33.08,-16.33,64.4,16.11
14,Bredasdorp,0,ZA,1554668149,87,-34.53,20.04,63.0,2.24
15,Barrow,0,AR,1554668591,32,-38.31,-60.23,80.62,9.1
16,Saskylakh,32,RU,1554668634,69,71.97,114.09,11.14,9.44
17,San Bartolome Jocotenango,68,GT,1554668891,85,15.19,-91.08,65.5,0.94
18,Carnarvon,76,ZA,1554668630,73,-30.97,22.13,58.66,10.56
19,Freetown,75,BS,1554667200,66,26.61,-78.36,84.2,13.87
20,Hamilton,90,CA,1554668592,81,43.26,-79.87,59.0,16.11
21,Manakara,56,MG,1554668892,90,-22.14,48.01,78.73,3.51
22,Torbay,90,CA,1554668542,74,47.66,-52.73,34.0,14.99
23,Severo-Kurilsk,88,RU,1554668892,95,50.68,156.12,32.65,24.32
24,Vaini,0,IN,1554668605,88,15.34,74.49,69.01,1.05
25,New Norfolk,20,AU,1554668596,57,-42.78,147.06,51.8,8.05
26,Cidreira,92,BR,1554668624,96,-30.17,-50.22,68.83,8.32
27,San Buenaventura,20,MX,1554668704,39,27.06,-101.55,88.0,9.17
28,Albany,75,US,1554668475,42,42.65,-73.75,69.01,4.7
29,Dehloran,76,IR,1554668893,69,32.69,47.27,63.25,2.51
30,Codrington,40,AU,1554668514,93,-28.95,153.24,64.99,5.82
31,Yinchuan,92,CN,1554668870,16,38.48,106.21,57.99,3.0
32,Ostrovnoy,68,RU,1554668463,86,68.05,39.51,24.28,7.99
33,Hilo,1,US,1554668598,61,19.71,-155.08,78.8,9.17
34,Lewisporte,75,CA,1554668199,74,49.25,-55.06,39.99,10.29
35,Ahipara,76,NZ,1554668894,85,-35.17,173.16,63.52,15.93
36,Airai,0,TL,1554668608,89,-8.93,125.41,66.49,1.39
37,Narsaq,88,GL,1554666600,88,60.91,-46.05,32.0,2.39
38,Thompson,90,CA,1554663600,45,55.74,-97.86,23.0,10.29
39,Ushuaia,75,AR,1554667200,77,-54.81,-68.31,44.6,25.28
40,Butaritari,56,KI,1554668585,100,3.07,172.79,81.16,12.68
41,Shubarshi,80,KZ,1554668895,87,48.59,57.19,43.18,11.34
42,Santa Luzia,20,BR,1554667200,54,-19.77,-43.85,82.4,5.82
43,Port-Gentil,20,GA,1554667200,83,-0.72,8.78,84.2,5.82
44,Gigmoto,0,PH,1554668893,100,13.78,124.39,75.4,5.53
45,Ust-Maya,36,RU,1554668656,75,60.42,134.54,22.75,6.64
46,Roald,75,NO,1554668706,55,62.58,6.12,39.99,26.4
47,Kodiak,75,US,1554668523,64,39.95,-94.76,73.99,13.87
48,Cabo San Lucas,5,MX,1554668405,47,22.89,-109.91,82.0,10.29
49,Tiksi,56,RU,1554668653,76,71.64,128.87,21.58,11.34
50,Rawson,92,AR,1554668610,34,-43.3,-65.11,78.19,6.53
51,Karpogory,44,RU,1554668897,79,64.0,44.44,28.42,1.83
52,Acari,48,BR,1554668897,68,-6.44,-36.64,78.55,10.11
53,Lompoc,20,US,1554668642,56,34.64,-120.46,78.01,17.22
54,Halifax,40,CA,1554668765,45,44.65,-63.58,53.01,19.46
55,Mahebourg,40,MU,1554668640,74,-20.41,57.7,80.6,11.41
56,Okhotsk,0,RU,1554668898,88,59.36,143.24,23.83,2.62
57,Kampot,20,KH,1554667200,88,10.62,104.18,80.6,2.24
58,Tiarei,20,PF,1554667945,66,-17.53,-149.33,87.8,3.36
59,Abong Mbang,8,CM,1554668898,96,3.98,13.18,69.37,2.17
60,Dongobesh,0,TZ,1554668899,61,-4.07,35.37,65.68,6.76
61,East London,64,ZA,1554668403,100,-33.02,27.91,71.53,20.51
62,Wilkie,1,CA,1554668339,62,52.41,-108.71,55.99,6.93
63,Ban Nahin,56,LA,1554668899,95,18.24,104.21,69.91,2.39
64,Esperance,20,TT,1554668236,48,10.24,-61.45,87.8,14.99
65,Comodoro Rivadavia,75,AR,1554667200,58,-45.87,-67.48,59.0,9.17
66,Faanui,64,PF,1554668608,100,-16.48,-151.75,84.13,17.27
67,Vanimo,48,PG,1554668650,100,-2.67,141.3,80.35,6.2
68,Hobart,20,AU,1554668420,57,-42.88,147.33,51.8,8.05
69,Saint Anthony,75,US,1554668746,54,43.97,-111.68,53.6,24.16
70,Souillac,0,FR,1554668490,76,45.6,-0.6,51.8,5.82
71,Vostok,32,RU,1554668900,74,46.45,135.83,17.08,1.95
72,Belyy Yar,0,RU,1554667200,63,53.6,91.39,28.4,11.18
73,Ballina,40,IE,1554668523,81,54.11,-9.15,51.8,11.41
74,Sarakhs,48,TM,1554667200,93,36.54,61.16,57.2,2.24
75,Bure,64,NG,1554668901,29,10.52,10.33,90.79,4.97
76,Smithers,90,CA,1554663600,49,54.78,-127.17,48.2,11.41
77,Dzan,75,MX,1554668121,29,20.39,-89.47,100.4,16.11
78,Tuktoyaktuk,75,CA,1554665100,77,69.44,-133.03,6.8,9.17
79,Saldanha,92,PT,1554668637,97,41.42,-6.55,46.78,8.66
80,Ust-Kulom,92,RU,1554668902,96,61.69,53.69,37.6,7.2
81,Dawei,8,MM,1554668606,95,14.07,98.19,74.68,2.17
82,Araouane,0,ML,1554668902,24,18.9,-3.53,69.28,7.99
83,Yulara,20,AU,1554663600,42,-25.24,130.99,62.6,5.82
84,Marsberg,0,DE,1554668859,58,51.45,8.86,57.99,3.36
85,Tobol,32,SE,1554666600,64,59.83,12.54,41.0,10.29
86,Kajaani,0,FI,1554666600,38,64.22,27.73,41.0,5.82
87,Aqtobe,0,KZ,1554665400,69,50.28,57.21,39.2,4.47
88,Lebu,36,ET,1554668597,62,8.96,38.73,56.59,4.97
89,Avarua,32,CK,1554667200,74,-21.21,-159.78,82.4,11.41
90,Srednekolymsk,56,RU,1554668663,82,67.46,153.71,9.7,3.18
91,Junin,0,PE,1554667200,37,-16.45,-71.58,66.2,12.75
92,Pierre,1,US,1554668615,22,44.37,-100.35,72.0,19.46
93,Ponta do Sol,92,BR,1554668604,93,-20.63,-46.0,69.46,2.62
94,Awjilah,0,LY,1554668904,44,29.14,21.3,70.0,8.21
95,Arlit,0,NE,1554668904,18,18.74,7.39,76.48,7.65
96,Geraldton,90,CA,1554663600,77,49.72,-86.95,32.0,14.99
97,Te Anau,12,NZ,1554668601,76,-45.41,167.72,36.79,3.96
98,Nouadhibou,0,MR,1554667200,72,20.93,-17.03,66.2,18.34
99,Poum,92,MK,1554668619,96,41.28,20.71,46.69,1.28
100,Gladstone,0,AU,1554667799,82,-23.84,151.26,66.0,5.82
101,Talnakh,88,RU,1554668675,91,69.49,88.39,18.16,12.46
102,Hermanus,0,ZA,1554668224,91,-34.42,19.24,63.0,1.01
103,Cayenne,90,GF,1554665400,78,4.94,-52.33,80.6,8.05
104,Huilong,92,CN,1554668906,86,28.89,110.18,60.01,3.85
105,Arraial do Cabo,0,BR,1554663600,74,-22.97,-42.02,87.8,10.29
106,Pisco,0,PE,1554663600,30,-13.71,-76.2,71.6,9.17
107,Klaksvik,64,FO,1554666600,69,62.23,-6.59,39.2,13.87
108,Castro,75,CL,1554663600,72,-42.48,-73.76,66.2,12.75
109,Tasiilaq,92,GL,1554666600,55,65.61,-37.64,33.8,23.04
110,Atuona,24,PF,1554668586,98,-9.8,-139.03,82.69,15.48
111,Viransehir,80,TR,1554668907,95,37.24,39.76,52.9,4.74
112,Manono,8,CD,1554668907,80,-7.3,27.4,74.95,8.43
113,Karratha,0,AU,1554668527,89,-20.74,116.85,73.06,2.84
114,Half Moon Bay,75,US,1554668493,77,37.46,-122.43,73.0,6.93
115,Chongwe,0,ZM,1554668907,61,-15.33,28.68,74.41,8.66
116,Port Elizabeth,1,US,1554668564,48,39.31,-74.98,73.0,12.75
117,Goderich,88,CA,1554668643,65,43.74,-81.71,61.0,15.01
118,Norman Wells,90,CA,1554663600,68,65.28,-126.83,28.4,4.7
119,Guerrero Negro,0,MX,1554668667,48,27.97,-114.04,77.74,13.02
120,Verkhnevilyuysk,56,RU,1554668648,73,63.45,120.31,25.18,5.75
121,Vardo,90,US,1554668907,52,39.62,-77.74,71.01,16.11
122,Salalah,20,OM,1554666600,78,17.01,54.1,80.6,3.36
123,Sibolga,56,ID,1554668695,100,1.74,98.78,69.19,1.39
124,Mataura,0,NZ,1554668584,67,-46.19,168.86,39.31,3.62
125,Narasimharajapura,0,IN,1554668909,95,13.61,75.51,67.57,2.73
126,Port Alfred,20,ZA,1554668503,90,-33.59,26.89,64.99,4.0
127,Dondo,40,MZ,1554663600,78,-19.62,34.74,77.0,5.97
128,Pittsburg,20,US,1554668905,56,38.02,-121.89,73.99,6.93
129,Wanning,20,AT,1554668225,66,48.64,13.53,53.6,5.82
130,Jamestown,0,AU,1554668400,81,-33.21,138.6,40.21,2.73
131,Mount Isa,0,AU,1554665400,68,-20.73,139.49,68.0,2.24
132,Aklavik,40,CA,1554663600,65,68.22,-135.01,14.0,5.82
133,San Patricio,0,PY,1554668631,63,-26.98,-56.83,72.61,4.41
134,Qaanaaq,80,GL,1554668587,88,77.48,-69.36,22.39,13.13
135,Kletnya,100,RU,1554668910,59,53.39,33.22,49.66,14.47
136,Ibra,8,OM,1554668910,42,22.69,58.55,65.32,2.28
137,Gimli,88,CA,1554668716,97,50.63,-96.99,45.0,7.0
138,Camocim,32,BR,1554668911,95,-2.9,-40.84,76.84,6.64
139,Quatre Cocos,40,MU,1554668640,74,-20.21,57.76,80.6,11.41
140,Pevek,36,RU,1554668680,100,69.7,170.27,-0.3,5.86
141,Sao Joao da Barra,0,BR,1554667200,66,-21.64,-41.05,86.0,16.11
142,Novoagansk,8,RU,1554668911,82,61.94,76.66,27.7,7.43
143,Hithadhoo,56,MV,1554668608,100,-0.6,73.08,85.03,4.41
144,Saint-Philippe,90,CA,1554668503,76,45.36,-73.48,54.0,7.2
145,La Ronge,90,CA,1554663600,92,55.1,-105.3,26.6,11.41
146,Tuatapere,0,NZ,1554668673,100,-46.13,167.69,47.41,5.19
147,Longyearbyen,20,NO,1554666600,71,78.22,15.63,8.6,5.82
148,Carndonagh,75,IE,1554666600,87,55.25,-7.27,48.2,10.29
149,Pouebo,0,NC,1554668913,89,-20.4,164.57,73.24,7.2
150,Lundazi,12,ZM,1554668913,76,-12.29,33.17,71.17,8.77
151,Nanortalik,8,GL,1554668657,98,60.14,-45.24,31.66,1.16
152,Hervey Bay,8,AU,1554668110,88,-25.3,152.85,63.0,8.05
153,Puerto Ayora,20,EC,1554668180,66,-0.74,-90.35,86.0,12.75
154,Inhambane,88,MZ,1554668635,91,-23.87,35.38,78.1,10.22
155,Ambanja,92,MG,1554668913,98,-13.68,48.45,70.09,3.18
156,Kavaratti,0,IN,1554668699,100,10.57,72.64,85.03,9.33
157,Grindavik,75,IS,1554668517,100,63.84,-22.43,41.0,8.05
158,Cherskiy,0,RU,1554668644,63,68.75,161.3,9.16,2.39
159,Teahupoo,20,PF,1554667945,66,-17.83,-149.27,87.8,3.36
160,Tautira,20,PF,1554667945,66,-17.73,-149.15,87.8,3.36
161,Grand-Santi,92,GF,1554668914,71,4.27,-54.38,81.43,3.4
162,Victoria,75,BN,1554665400,88,5.28,115.24,80.6,5.19
163,Luderitz,0,NA,1554668623,88,-26.65,15.16,59.2,14.25
164,Bataipora,44,BR,1554668663,74,-22.3,-53.27,75.31,7.65
165,Formosa do Rio Preto,24,BR,1554668915,90,-11.04,-45.19,76.3,3.51
166,Seoul,75,KR,1554667800,60,37.57,126.98,44.6,1.12
167,General Pico,0,AR,1554668915,23,-35.66,-63.75,85.75,6.31
168,Balabac,12,PH,1554668916,100,7.99,117.06,82.51,8.77
169,Port Hardy,75,CA,1554663600,76,50.7,-127.42,50.0,14.99
170,Chokurdakh,64,RU,1554668593,75,70.62,147.9,11.77,3.18
171,Fereydunshahr,24,IR,1554668916,93,32.94,50.12,35.26,2.39
172,Busselton,0,AU,1554668446,61,-33.64,115.35,51.01,12.46
173,Zyryanka,24,RU,1554668916,82,65.73,150.89,11.5,3.06
174,The Valley,40,AI,1554668119,48,18.22,-63.06,84.2,13.87
175,Bosaso,0,SO,1554668917,100,11.28,49.18,79.9,2.73
176,Saint George,75,GR,1554666600,71,39.45,22.34,55.4,2.73
177,Flinders,0,AU,1554668535,71,-34.58,150.85,66.99,2.24
178,Mumbwa,36,ZM,1554668917,53,-14.99,27.06,74.86,9.66
179,Yekaterinoslavka,0,RU,1554668917,75,54.34,72.46,23.83,2.62
180,Tineo,75,ES,1554668877,93,43.34,-6.41,50.0,9.17
181,Sitka,0,US,1554668221,31,37.17,-99.65,75.99,8.99
182,Praia da Vitoria,75,PT,1554668122,67,38.73,-27.07,57.2,24.09
183,Bethel,75,US,1554666960,74,60.79,-161.76,33.8,14.99
184,Robertsport,80,LR,1554668918,96,6.75,-11.37,83.05,10.11
185,Walvis Bay,0,NA,1554667326,87,-22.95,14.51,57.99,3.36
186,Puerto Escondido,40,MX,1554666000,74,15.86,-97.07,82.4,10.29
187,San Quintin,0,PH,1554668629,82,17.54,120.52,67.93,3.18
188,Dunedin,0,NZ,1554668635,75,-45.87,170.5,55.0,17.0
189,Kaitangata,0,NZ,1554668592,73,-46.28,169.85,42.55,4.18
190,Sangar,8,RU,1554668919,74,63.92,127.47,15.1,3.62
191,Aleksandrov Gay,88,RU,1554668626,100,50.14,48.57,43.45,5.75
192,Phan Thiet,8,VN,1554668919,100,10.93,108.1,77.11,6.42
193,Ishigaki,0,JP,1554668920,100,24.34,124.16,76.03,5.19
194,Bambous Virieux,40,MU,1554668339,74,-20.34,57.76,80.6,11.41
195,Solnechnyy,76,RU,1554668675,83,50.72,136.64,23.02,2.28
196,Hambantota,64,LK,1554668654,100,6.12,81.12,82.42,5.19
197,College,1,US,1554668915,41,64.86,-147.8,48.99,5.82
198,Ribeira Grande,40,PT,1554667200,58,38.52,-28.7,57.2,18.34
199,Clyde River,76,CA,1554667200,78,70.47,-68.59,12.2,8.05
200,Red Bluff,90,US,1554668917,68,40.18,-122.24,66.2,14.99
201,Upernavik,20,GL,1554668609,83,72.79,-56.15,36.16,19.95
202,Talaya,0,RU,1554668731,68,55.79,84.89,28.99,6.71
203,Nyurba,0,RU,1554668921,76,63.29,118.35,22.75,6.2
204,Nuuk,40,GL,1554666600,69,64.17,-51.74,37.4,4.7
205,Syracuse,90,US,1554668745,45,43.05,-76.15,69.8,8.05
206,Areka,68,ET,1554668922,68,7.07,37.71,62.98,3.06
207,Dongying,36,CN,1554668922,73,37.43,118.67,48.58,8.99
208,Inirida,64,CO,1554668639,63,3.87,-67.92,87.37,2.39
209,Sirumugai,20,IN,1554667200,83,11.32,77.01,78.8,5.82
210,Lashio,32,MM,1554668922,96,22.93,97.75,60.55,1.72
211,Kadyy,0,RU,1554668923,88,57.79,43.19,31.03,8.1
212,Dakar,0,SN,1554667200,73,14.69,-17.45,75.2,11.41
213,Armidale,0,AU,1554668871,79,-30.51,151.67,48.13,3.06
214,Palu,12,ID,1554668923,95,-0.9,119.87,65.68,1.61
215,Coquimbo,75,CL,1554663600,77,-29.95,-71.34,62.6,11.41
216,Moron,76,VE,1554668923,70,10.49,-68.2,77.11,4.63
217,Pirapora,48,BR,1554668924,74,-17.35,-44.95,77.92,4.63
218,Husavik,88,CA,1554668416,97,50.56,-96.99,45.0,8.01
219,Kuytun,24,RU,1554668676,73,54.34,101.51,26.26,5.41
220,Padang,56,ID,1554668600,100,-0.92,100.36,81.43,6.64
221,Russell,0,AR,1554667200,16,-33.01,-68.8,86.0,6.93
222,Celle,0,DE,1554668922,46,52.62,10.08,59.0,5.82
223,Lavrentiya,0,RU,1554668590,96,65.58,-170.99,13.75,38.74
224,Georgetown,20,GY,1554663600,58,6.8,-58.16,87.8,11.41
225,Rocha,0,UY,1554668632,66,-34.48,-54.34,68.74,3.18
226,Virden,0,CA,1554668925,84,49.85,-100.93,54.7,10.78
227,Soe,0,EE,1554668448,70,57.91,26.05,48.2,6.93
228,Liepaja,12,LV,1554666600,86,56.52,21.02,41.0,3.36
229,Nome,90,US,1554668920,93,30.04,-94.42,64.99,10.29
230,Sri Aman,36,MY,1554667200,100,1.24,111.46,78.01,1.5
231,Mirnyy,36,RU,1554668926,72,56.57,36.46,35.89,9.22
232,Khatanga,24,RU,1554668585,72,71.98,102.47,8.44,10.78
233,Kysyl-Syr,56,RU,1554668926,77,63.9,122.77,18.7,5.75
234,Kabompo,68,ZM,1554668927,76,-13.6,24.21,71.44,4.29
235,Vila Velha,75,BR,1554667690,70,-3.71,-38.6,84.2,14.99
236,Tazovskiy,92,RU,1554668674,93,67.47,78.7,28.06,9.55
237,Kpandae,92,GH,1554668927,98,8.46,-0.01,72.7,6.76
238,Peniche,75,PT,1554668534,93,39.36,-9.38,59.0,10.29
239,Porto Novo,40,BR,1554667200,69,-23.68,-45.44,82.4,4.7
240,Ayagoz,0,KZ,1554668928,75,47.96,80.43,28.15,8.77
241,Bonavista,56,CA,1554668195,83,48.65,-53.11,34.0,8.99
242,Tura,24,IN,1554668629,94,25.52,90.21,63.79,5.53
243,Lagoa,40,PT,1554668554,87,37.14,-8.45,60.8,11.41
244,Prince Rupert,90,CA,1554666240,75,54.32,-130.32,46.4,17.22
245,Natagaima,20,CO,1554668928,87,3.62,-75.09,76.3,2.95
246,Nisia Floresta,40,BR,1554667200,70,-6.09,-35.21,86.0,12.75
247,Kanniyakumari,0,IN,1554668929,99,8.08,77.57,85.75,9.44
248,Lata,24,IN,1554668682,79,30.78,78.62,45.25,2.51
249,Drumheller,0,CA,1554668507,40,51.47,-112.7,57.0,4.63
250,Buala,48,SB,1554668929,100,-8.15,159.59,79.09,2.39
251,Faya,0,SA,1554667200,72,18.39,42.45,66.2,2.51
252,Los Llanos de Aridane,75,ES,1554668408,68,28.66,-17.92,66.2,2.24
253,San Carlos del Zulia,0,VE,1554668930,38,9.0,-71.91,97.9,4.74
254,Altay,56,CN,1554668930,88,47.83,88.13,16.72,2.17
255,Tynda,0,RU,1554668930,75,55.15,124.74,16.63,4.52
256,Haines Junction,8,CA,1554668612,81,60.75,-137.51,36.16,3.29
257,Saint-Joseph,90,FR,1554668419,87,43.56,6.97,53.6,2.24
258,Tucuman,0,PE,1554668931,59,-17.17,-70.89,68.56,3.62
259,Pekin,75,US,1554668887,64,40.57,-89.64,75.0,14.99
260,Ilulissat,75,GL,1554666600,48,69.22,-51.1,39.2,13.87
261,Aquidauana,24,BR,1554668931,72,-20.47,-55.78,76.93,5.64
262,Saint-Pierre,75,FR,1554668825,71,48.95,4.24,53.01,11.41
263,Northam,8,GB,1554668525,87,51.04,-4.21,50.0,3.36
264,Rome,0,IT,1554668609,81,41.89,12.48,54.0,4.7
265,Antsohihy,12,MG,1554668933,82,-14.88,47.99,77.38,6.2
266,Kruisfontein,20,ZA,1554668630,77,-34.0,24.73,67.03,15.48
267,Kuldur,80,RU,1554668934,83,49.22,131.63,28.51,3.74
268,Ugoofaaru,0,MV,1554668934,100,5.67,73.0,84.76,1.39
269,Kachiry,0,KZ,1554668934,65,53.07,76.1,25.99,2.84
270,Victor Harbor,75,AU,1554668647,77,-35.55,138.62,61.0,10.29
271,Sakaiminato,75,JP,1554668291,87,35.55,133.23,50.0,5.82
272,Mount Gambier,75,AU,1554663600,100,-37.83,140.78,53.6,8.05
273,Sobolevo,92,RU,1554668935,80,54.43,31.9,43.81,8.32
274,Inverell,0,AU,1554668700,79,-29.78,151.11,57.99,1.99
275,Sheboygan,90,US,1554668854,93,43.75,-87.71,53.6,6.93
276,Mar del Plata,92,AR,1554668589,88,-46.43,-67.52,52.0,8.77
277,Ambilobe,48,MG,1554668935,79,-13.19,49.05,78.1,5.97
278,Kitama,88,TZ,1554668936,92,-10.72,39.73,76.03,4.41
279,Vagay,0,RU,1554668936,74,57.94,69.02,27.43,7.43
280,Yangambi,32,CD,1554668654,96,0.77,24.47,75.58,2.95
281,Iqaluit,90,CA,1554667925,85,63.75,-68.52,24.8,16.11
282,Lugovoy,8,RU,1554668936,82,59.72,65.88,27.97,3.85
283,Yarmouth,20,GB,1554668935,87,50.71,-1.5,53.01,2.24
284,Taybad,56,IR,1554668937,79,34.74,60.78,56.05,2.73
285,Luba,0,PH,1554668937,82,17.32,120.7,67.93,3.18
286,Westerland,90,NL,1554668893,87,52.89,4.93,59.0,10.29
287,Acapulco,75,MX,1554666420,74,16.86,-99.88,82.4,8.05
288,Provideniya,0,RU,1554668594,100,64.42,-173.23,16.45,25.88
289,Waipawa,92,NZ,1554667818,95,-39.94,176.59,51.01,10.11
290,Vila,75,IT,1554668923,81,45.18,8.4,50.0,2.24
291,San Isidro,20,PH,1554668698,95,16.74,121.63,71.26,2.73
292,Chuy,0,UY,1554668593,83,-33.69,-53.46,69.19,3.74
293,Doha,75,QA,1554667200,65,25.29,51.53,78.8,4.7
294,Saint-Georges,8,CA,1554668232,60,46.12,-70.67,45.0,10.0
295,Ekibastuz,0,KZ,1554668939,71,51.72,75.32,25.99,3.06
296,Umm Kaddadah,0,SD,1554668939,17,13.6,26.69,69.82,6.42
297,Bathsheba,20,BB,1554663600,65,13.22,-59.52,82.4,21.92
298,Smidovich,44,RU,1554668939,86,48.6,133.81,27.25,4.41
299,Roebourne,0,AU,1554668939,89,-20.77,117.15,73.06,2.84
300,Parintins,64,BR,1554668940,85,-2.63,-56.73,81.97,2.39
301,Bandarbeyla,0,SO,1554668689,100,9.49,50.81,79.9,6.64
302,Qandala,0,SO,1554668940,81,11.47,49.87,70.81,3.4
303,Manta,80,RO,1554668667,77,45.1,24.1,47.95,4.07
304,Makakilo City,1,US,1554668917,65,21.35,-158.09,81.0,6.93
305,Maceio,92,BR,1554668807,70,-9.67,-35.74,82.06,10.67
306,Ubinskoye,0,RU,1554668941,70,55.31,79.68,18.61,5.64
307,Nikolskoye,0,RU,1554668552,48,59.7,30.79,43.0,6.71
308,Scarborough,0,GB,1554668644,93,54.28,-0.41,46.99,12.75
309,Roseto degli Abruzzi,40,IT,1554668889,81,42.68,14.01,55.99,2.24
310,Port Lincoln,92,AU,1554668609,96,-34.72,135.86,63.79,16.82
311,Hobyo,0,SO,1554668942,91,5.35,48.53,76.93,7.2
312,Santeramo in Colle,20,IT,1554668934,100,40.79,16.76,54.0,6.93
313,Cockburn Town,0,TC,1554668942,97,21.46,-71.14,79.09,16.37
314,Singkang,75,MY,1554667200,83,2.1,102.8,78.8,3.36
315,Manaure,0,CO,1554663600,39,11.78,-72.45,95.0,4.7
316,Kavieng,80,PG,1554668585,100,-2.57,150.8,79.81,5.97
317,Warri,68,NG,1554668943,81,5.52,5.75,81.52,7.65
318,Purpe,56,RU,1554668683,66,64.48,76.69,30.0,5.99
319,Karwar,0,IN,1554668943,86,14.8,74.13,73.42,1.83
320,Tigil,0,RU,1554668944,76,57.8,158.67,20.23,7.2
321,Labis,20,MY,1554668944,93,2.38,103.02,74.23,2.62
322,Jackville,20,CI,1554665400,79,5.21,-4.42,86.0,8.05
323,Sao Filipe,0,CV,1554668598,95,14.9,-24.5,71.8,15.82
324,Lazaro Cardenas,20,MX,1554668910,23,28.39,-105.62,80.01,11.41
325,Puerto Colombia,20,CO,1554668183,62,10.99,-74.96,87.8,18.34
326,Kemin,0,KG,1554668945,66,42.79,75.7,19.51,2.62
327,Loandjili,75,CG,1554667200,100,-4.77,11.87,77.0,4.7
328,Dikson,48,RU,1554668603,100,73.51,80.55,13.21,5.53
329,Marienburg,0,DE,1554668922,46,52.12,9.98,59.0,5.82
330,Kiruna,20,SE,1554666600,79,67.86,20.23,21.2,10.29
331,Hvide Sande,12,DK,1554668934,76,56.01,8.13,50.0,5.82
332,Falmouth,24,GB,1554668742,93,50.16,-5.07,52.0,12.75
333,Sur,8,OM,1554668641,78,22.57,59.53,82.15,3.74
334,Mitsamiouli,20,KM,1554667200,78,-11.38,43.28,82.4,2.24
335,Enid,20,US,1554668906,44,36.4,-97.88,82.99,4.7
336,Zhangjiakou,56,CN,1554668947,65,40.77,114.88,34.45,2.95
337,Daru,92,SL,1554668669,97,7.99,-10.85,72.7,6.76
338,Mayskiy,75,RU,1554663600,87,43.63,44.06,46.4,2.24
339,Malartic,75,CA,1554663600,34,48.14,-78.13,39.2,10.29
340,Limbang,75,BN,1554667200,94,4.75,115.01,80.6,2.24
341,Christchurch,64,NZ,1554668540,100,-43.53,172.64,48.99,2.24
342,Chilliwack,75,CA,1554668933,66,49.17,-121.95,55.0,13.87
343,Uruzgan,0,AF,1554668948,82,32.93,66.63,30.49,1.5
344,Kahului,20,US,1554668438,51,20.89,-156.47,82.4,9.17
345,Arona,75,IT,1554668945,81,45.76,8.56,50.0,2.24
346,Pathein,0,MM,1554668949,93,16.78,94.73,73.33,6.42
347,Veracruz,40,VE,1554667200,52,7.66,-72.25,89.6,11.41
348,Viedma,0,AR,1554668686,26,-40.81,-62.99,84.58,2.28
349,Santa Vitoria do Palmar,0,BR,1554668949,83,-33.52,-53.37,69.19,3.74
350,Skjervoy,75,NO,1554666600,54,70.03,20.97,30.2,9.17
351,Caravelas,0,BR,1554668950,96,-17.73,-39.27,83.23,13.47
352,Berezanka,76,UA,1554668950,78,46.86,31.39,48.22,10.22
353,Derzhavinsk,0,KZ,1554668950,76,51.1,66.31,30.85,3.74
354,Zhanaozen,80,KZ,1554668950,94,43.35,52.85,48.85,11.9
355,Tambun,75,MY,1554667200,94,4.62,101.14,77.0,5.82
356,Chotebor,0,CZ,1554668868,71,49.72,15.67,52.0,2.24
357,Zabid,0,YE,1554668951,84,14.2,44.5,47.95,2.62
358,Alice Springs,0,AU,1554665400,45,-23.7,133.88,62.6,5.82
359,Mecca,0,SA,1554668696,60,21.43,39.83,72.61,2.73
360,Jiujiang,0,CN,1554668951,86,29.73,115.99,61.36,3.62
361,Pareora,8,NZ,1554668459,97,-44.49,171.21,48.99,3.62
362,Coahuayana,0,MX,1554668952,18,18.62,-100.35,88.36,3.4
363,Chiman,40,PK,1554667200,57,32.55,73.81,75.2,6.93
364,Wailuku,20,US,1554668683,51,20.89,-156.51,82.4,9.17
365,Champerico,20,MX,1554666480,22,16.38,-93.6,96.8,9.17
366,Kodinsk,0,RU,1554668952,72,58.6,99.18,24.1,5.97
367,Saint-Francois,90,FR,1554668145,93,46.42,3.91,46.4,2.84
368,Nemuro,0,JP,1554668899,98,43.32,145.57,33.73,14.81
369,Plasy,75,CZ,1554669000,71,49.93,13.39,51.8,8.66
370,Maniitsoq,92,GL,1554668953,93,65.42,-52.9,31.57,1.16
371,Berlevag,75,NO,1554666600,63,70.86,29.09,30.2,19.46
372,Chicama,90,PE,1554667200,94,-7.84,-79.15,68.0,8.05
373,San Jose,44,PH,1554668880,94,15.79,120.99,74.23,2.06
374,Grafton,90,AU,1554668903,100,-29.69,152.93,62.01,2.24
375,Constitucion,20,MX,1554668416,14,23.99,-104.67,72.0,5.82
376,Arica,0,CL,1554663600,69,-18.48,-70.32,75.2,17.22
377,Lengshuijiang,0,CN,1554668955,86,27.66,111.45,60.1,3.51
378,Bagdarin,0,RU,1554668955,65,54.44,113.59,5.38,2.39
379,Kidal,0,ML,1554668764,17,18.44,1.41,73.78,10.33
380,Kerema,80,PG,1554668955,93,-7.96,145.78,74.32,1.95
381,Vienenburg,0,DE,1554668922,51,51.95,10.56,55.99,7.99
382,Ziro,100,IN,1554668956,97,27.54,93.82,50.11,1.61
383,Kutum,0,SD,1554668683,24,14.2,24.66,66.4,7.76
384,Angoche,92,MZ,1554668956,100,-16.23,39.91,82.78,13.47
385,Mananjary,8,MG,1554668956,87,-19.16,46.8,57.76,5.75
386,Rawlins,1,US,1554666900,25,41.79,-107.24,53.6,29.97
387,Juba,0,EE,1554668448,77,57.82,26.93,48.2,6.93
388,San Rafael,0,AR,1554668939,16,-34.61,-68.33,83.77,10.11
389,Epe,0,DE,1554668916,50,52.18,7.04,60.01,1.12
390,Dingle,44,PH,1554668607,90,11.0,122.67,76.57,10.22
391,Helong,92,CN,1554668958,95,25.94,116.13,60.28,2.39
392,Dauphin,90,CA,1554667200,100,51.15,-100.04,37.4,3.36
393,Beringovskiy,36,RU,1554668648,92,63.05,179.32,10.33,25.88
394,Lyuban,0,BY,1554668587,87,52.8,28.0,44.53,2.84
395,San Cristobal,75,EC,1554668143,56,-0.39,-78.55,69.8,13.87
396,Holice,0,CZ,1554668955,61,50.07,15.99,55.99,1.12
397,Neiafu,20,TO,1554667200,79,-18.65,-173.98,84.2,6.93
398,Broome,90,GB,1554668845,93,52.47,1.45,48.99,4.7
399,Pangkalanbuun,36,ID,1554668662,91,-2.68,111.62,74.05,2.62
400,San Borja,0,BO,1554668960,61,-14.86,-66.75,79.0,2.39
401,Yebaishou,0,CN,1554668960,55,41.4,119.64,28.51,4.85
402,Listvyanskiy,0,RU,1554668960,72,54.44,83.49,14.29,2.73
403,Hvittingfoss,0,NO,1554668946,55,59.48,10.01,42.01,5.82
404,Sungaipenuh,44,ID,1554668960,95,-2.08,101.38,67.03,1.28
405,Gambo,32,NG,1554668961,35,11.96,9.63,86.83,10.56
406,Katsuura,75,JP,1554667500,93,33.93,134.5,53.6,13.87
407,Sinnamary,80,GF,1554668612,94,5.38,-52.96,80.44,12.01
408,Terracina,8,IT,1554668944,86,41.29,13.25,55.99,3.51
409,Samarai,88,PG,1554668961,100,-10.62,150.67,76.48,1.95
410,Kurilsk,92,RU,1554668962,97,45.23,147.88,29.68,16.04
411,Ivdel,76,RU,1554668962,77,60.7,60.42,31.66,5.97
412,Athmallik,8,IN,1554668962,81,20.72,84.53,71.08,1.39
413,Valle de Allende,0,MX,1554668962,18,26.94,-105.39,72.88,7.76
414,Ures,0,MX,1554668899,36,30.73,-112.95,87.01,5.01
415,North Bend,90,US,1554668617,93,43.41,-124.22,59.0,14.99
416,Maksi,64,LV,1554668963,52,56.95,27.73,48.4,12.24
417,Tianpeng,0,CN,1554668963,88,28.88,112.34,67.48,8.99
418,Lampang,0,TH,1554668520,53,18.29,99.49,84.99,2.17
419,Erdenet,80,MN,1554668963,81,49.03,104.04,22.57,2.62
420,Bali Chak,0,IN,1554668964,80,22.37,87.55,79.18,8.77
421,Abalak,0,NE,1554668964,21,15.46,6.28,83.14,11.45
422,Jizan,0,SA,1554667200,52,16.89,42.56,87.8,2.62
423,Alofi,40,NU,1554667200,78,-19.06,-169.92,82.4,9.17
424,Oudtshoorn,92,ZA,1554667920,36,-33.59,22.2,78.8,17.22
425,Thoen,0,TH,1554668965,85,17.61,99.22,68.92,1.16
426,Camacupa,20,AO,1554668965,86,-12.02,17.48,66.13,3.62
427,Hofn,88,IS,1554668611,100,64.25,-15.21,36.52,15.37
428,Kieta,76,PG,1554668593,100,-6.22,155.63,79.9,3.96
429,Lambarene,92,GA,1554668965,89,-0.7,10.22,79.0,2.51
430,Buraydah,20,SA,1554667200,64,26.33,43.97,71.6,3.36
431,Ciechanow,0,PL,1554668857,70,52.88,20.62,52.0,1.12
432,Nouakchott,0,MR,1554667200,16,18.08,-15.98,86.0,11.41
433,Keokuk,75,US,1554668766,53,40.4,-91.39,77.0,16.11
434,Anqiu,48,CN,1554668966,89,36.48,119.21,44.8,8.99
435,Camargo,0,MX,1554668967,13,27.69,-105.17,77.83,8.99
436,Clinton,90,US,1554668952,72,41.84,-90.19,71.01,19.46
437,Brits,0,ZA,1554668837,67,-25.63,27.78,62.6,8.05
438,Pelym,56,RU,1554668968,82,61.01,62.0,29.32,2.39
439,Ignacio de la Llave,40,MX,1554666480,56,18.73,-95.98,93.2,5.82
440,Chernaya Kholunitsa,88,RU,1554668968,95,58.85,51.72,34.18,14.03
441,Abha,0,SA,1554667200,72,18.22,42.5,66.2,3.4
442,Touros,40,BR,1554663600,70,-5.2,-35.46,86.0,14.99
443,Coos Bay,90,US,1554668721,93,43.37,-124.22,59.0,14.99
444,Koppang,20,NO,1554668418,75,61.57,11.04,25.0,7.0
445,Arman,20,RU,1554668914,68,59.7,150.17,20.86,4.41
446,Yaan,56,NG,1554668969,71,7.38,8.57,83.32,7.65
447,Corinto,48,BR,1554668969,63,-18.36,-44.46,80.17,3.62
448,Komsomolskiy,92,RU,1554668694,86,67.55,63.78,25.36,6.98
449,Vostochnyy,0,RU,1554667549,55,55.82,37.87,41.0,4.47
450,Bubaque,24,GW,1554668970,88,11.28,-15.83,84.31,12.91
451,Korcula,75,HR,1554667200,93,42.96,17.14,55.4,8.05
452,Anori,44,BR,1554668970,88,-3.74,-61.66,82.24,3.96
453,Miri,100,NG,1554668691,29,10.31,9.75,89.71,5.19
454,Brae,0,GB,1554666600,92,60.4,-1.35,42.8,27.51
455,Eureka,90,US,1554668902,72,40.8,-124.16,64.4,17.22
456,Alamos,0,AR,1554668971,26,-36.9,-62.36,83.41,7.31
457,Kupang,0,ID,1554668971,100,-10.16,123.6,78.01,5.19
458,Soure,75,PT,1554668864,93,40.06,-8.63,59.0,10.29
459,Atagay,8,RU,1554668972,80,55.1,99.39,27.25,6.31
460,Santa Rosa,0,AR,1554668974,19,-36.62,-64.29,87.64,7.43
461,Dunmore Town,12,BS,1554668717,98,25.5,-76.65,77.83,11.45
462,Aswan,0,EG,1554668642,36,24.09,32.9,77.56,11.12
463,Inuvik,40,CA,1554667200,56,68.36,-133.71,15.8,3.36
464,Tomatlan,0,MX,1554668634,46,19.93,-105.25,85.66,3.74
465,Cacapava do Sul,88,BR,1554668975,74,-30.51,-53.49,70.54,8.43
466,Baykit,8,RU,1554668587,83,61.68,96.39,14.83,6.31
467,Port Blair,0,IN,1554668653,100,11.67,92.75,84.31,2.95
468,Kloulklubed,90,PW,1554666600,94,7.04,134.26,78.8,8.05
469,Wattegama,8,LK,1554668976,96,7.35,80.68,68.65,2.62
470,Karatau,56,KZ,1554668976,58,43.18,70.46,46.33,12.8
471,Aykhal,64,RU,1554668976,77,65.95,111.51,16.09,4.07
472,Ilhabela,100,BR,1554668976,100,-23.78,-45.36,75.94,8.32
473,Shelburne,1,CA,1554668864,62,44.08,-80.2,59.0,10.29
474,Galanta,75,SK,1554668825,71,48.19,17.73,55.99,6.93
475,Middelburg,8,ZA,1554668977,84,-25.77,29.46,52.54,2.73
476,Kristiansund,75,NO,1554666600,55,63.12,7.73,37.4,29.97
477,Fortuna,20,ES,1554668618,37,38.18,-1.13,66.2,12.75
478,Riyadh,20,SA,1554667200,44,24.63,46.72,77.0,9.17
479,Panaba,24,MX,1554668978,39,21.28,-88.27,92.59,13.02
480,Kremenchuk,68,UA,1554668978,46,49.08,33.43,54.61,13.13
481,Siteki,76,SZ,1554667200,100,-26.45,31.95,71.6,2.84
482,Ussel,92,FR,1554664526,67,45.55,2.31,48.99,4.18
483,Takoradi,88,GH,1554668625,93,4.89,-1.75,83.32,9.78
484,Santa Teresa,0,VE,1554668716,44,10.26,-66.69,81.0,4.63
485,Bowen,8,AU,1554668583,93,-20.01,148.25,69.01,6.93
486,Sioux Lookout,90,CA,1554663600,100,50.1,-91.92,37.4,5.82
487,Meulaboh,64,ID,1554668894,100,4.14,96.13,80.08,3.06
488,Vestmannaeyjar,12,IS,1554668615,91,63.44,-20.27,38.86,18.28
489,Tongzi,8,CN,1554668980,70,28.78,105.09,65.23,5.41
490,Jinchang,68,CN,1554668980,76,38.52,102.19,39.13,2.84
491,Vao,68,EE,1554668651,82,59.1,26.19,43.18,7.43
492,Belousovka,20,KZ,1554667200,82,50.13,82.52,32.0,6.71
493,Virginia Beach,40,US,1554668824,55,36.85,-75.98,75.2,10.29
494,La Paz,5,MX,1554668244,39,24.15,-110.32,82.0,14.99
495,Lake Havasu City,1,US,1554668917,13,34.47,-114.34,87.01,12.75
496,Vilhena,75,BR,1554663600,78,-12.74,-60.15,77.0,5.82
497,Miraflores,88,CO,1554668982,90,5.2,-73.14,58.21,2.28
498,Gizo,0,IL,1554668937,64,31.8,34.94,69.01,1.12
499,Lumphat,76,KH,1554668983,97,13.5,106.97,71.44,1.95
500,Saint-Leu,0,RE,1554668704,65,-21.15,55.28,78.8,8.05
501,Senno,92,RU,1554667200,65,57.76,27.95,51.8,8.95
502,Weiser,90,US,1554668755,34,44.25,-116.97,68.0,11.41
503,Macas,90,EC,1554667200,100,-2.3,-78.12,66.2,4.7
504,Bama,100,CN,1554668984,95,24.14,107.25,71.71,5.53
505,Kirakira,80,SB,1554668984,100,-10.46,161.92,83.32,0.49
506,Hasaki,0,JP,1554667663,66,35.73,140.83,50.0,14.99
507,Kharan,0,PK,1554668984,36,28.58,65.42,58.3,3.4
508,Cristalina,68,BR,1554668887,89,-16.77,-47.61,71.71,3.18
509,Isangel,0,VU,1554668600,100,-19.55,169.27,77.29,10.11
510,Bera,36,BD,1554668985,95,24.08,89.61,70.54,9.22
511,Naze,40,NG,1554663600,94,5.43,7.07,80.6,12.75
512,Buin,0,CL,1554667200,19,-33.73,-70.74,89.6,6.93
513,Puerto Palomas,1,US,1554666780,16,31.78,-107.63,75.2,4.7
514,Pingliang,92,CN,1554668985,48,35.54,106.68,54.88,3.51
515,Jovellar,0,PH,1554668985,94,13.07,123.6,72.25,2.95
516,Okato,44,NZ,1554668955,63,-39.19,173.88,64.99,8.99
517,Byron Bay,40,AU,1554668514,93,-28.65,153.62,64.99,5.82
518,Lodwar,0,KE,1554668986,52,3.12,35.6,79.18,7.99
519,Wajima,36,JP,1554668986,86,37.4,136.9,44.08,7.65
520,Puerto del Rosario,20,ES,1554667200,68,28.5,-13.86,66.2,12.75
521,Coelho Neto,20,BR,1554668987,77,-4.25,-43.02,82.33,2.17
522,Chinhoyi,88,ZW,1554668987,60,-17.36,30.19,71.98,10.33
523,Taganak,40,PH,1554663600,94,6.08,118.3,78.8,2.24
524,Strezhevoy,0,RU,1554667200,73,60.73,77.6,24.8,6.71
525,Beaverlodge,75,CA,1554667200,43,55.21,-119.43,50.0,16.11
526,Encruzilhada do Sul,32,BR,1554668988,68,-30.54,-52.52,70.99,10.45
527,Fort Nelson,90,CA,1554663600,70,58.81,-122.69,32.0,3.4
528,Road Town,40,VG,1554668832,61,18.42,-64.62,82.4,8.05
529,Oromocto,20,CA,1554668179,34,45.85,-66.47,51.01,12.75
530,Catia La Mar,0,VE,1554668716,44,10.6,-67.03,81.0,23.31
531,Rochegda,32,RU,1554668989,76,62.67,43.41,24.46,2.62
532,Lagos,20,NG,1554663600,94,6.46,3.39,75.2,4.7
533,Taltal,0,CL,1554668612,72,-25.41,-70.49,67.48,3.74
534,Puerto Montt,20,CL,1554667200,68,-41.47,-72.94,68.0,3.36
535,Evensk,0,RU,1554668990,95,61.92,159.24,24.01,18.39
536,Winterswijk,90,DE,1554668972,54,51.97,6.72,61.0,6.93
537,Hanzhong,20,CN,1554668990,64,33.08,107.03,53.17,2.17
538,Nampula,20,MZ,1554667200,88,-15.12,39.26,75.2,6.93
539,Devarkonda,0,IN,1554668990,83,16.69,78.91,70.63,3.74
540,Xuddur,8,SO,1554668990,45,4.12,43.89,77.83,7.65
541,Linhares,32,BR,1554668991,62,-19.38,-40.06,83.32,9.1
542,Nakanojo,88,JP,1554668943,84,36.61,138.81,46.99,2.84
543,Jumla,8,NP,1554668991,81,29.28,82.18,28.42,1.95
544,Banjar,64,ID,1554668677,96,-7.37,108.54,71.62,2.28
545,Caledon,0,ZA,1554668224,91,-34.23,19.43,63.0,1.01
546,Kununurra,40,AU,1554667200,83,-15.77,128.74,80.6,3.36
547,Nikel,40,NO,1554666600,79,69.41,30.21,26.6,8.05
548,Santo Antonio da Platina,76,BR,1554668992,83,-23.3,-50.08,76.75,4.63
549,Saint-Raymond,1,CA,1554663600,32,46.89,-71.84,42.8,11.41
550,Nargana,12,PA,1554668992,100,9.44,-78.59,81.34,11.45
551,Zlitan,0,LY,1554668993,97,32.47,14.57,53.35,5.41
552,Rio Gallegos,75,AR,1554667200,57,-51.62,-69.22,51.8,8.05
553,Kaeo,8,NZ,1554667684,94,-35.1,173.78,52.0,3.0
554,Umm Lajj,12,SA,1554668993,71,25.02,37.27,70.54,4.18
555,Uni,76,RU,1554668993,98,57.75,51.49,33.55,8.21
556,Todos Santos,5,MX,1554668704,47,23.45,-110.23,82.0,10.29
